3,2
3,1
3,3
10,166
10,93
10,144
10,82
10,129
10,200
10,271
10,310
10,2
10,3
11,29
9,7
8,16
8,6
8,15
8,18
8,11
8,2
8,3
2,1
2,3
63,6
63,5
63,4
63,3
63,2
63,1
63,0
40,4
40,3
40,2
40,1
38,3
38,2
38,1
20,3
20,2
20,1
19,3
19,2
19,1
18,3
18,1
14,3
14,1
13,3
13,1
12,3
12,2
12,1
11,30
11,28
11,27
11,25
11,22
11,21
11,20
11,19
11,18
11,16
11,14
11,13
11,12
11,11
11,10
11,9
11,8
11,7
11,6
11,5
11,4
11,3
11,2
11,1
10,311
10,305
10,302
10,300
10,298
10,294
10,290
10,288
10,279
10,276
10,274
10,269
10,247
10,236
10,235
10,233
10,232
10,224
10,223
10,222
10,216
10,212
10,206
10,204
10,198
10,192
10,190
10,187
10,185
10,178
10,171
10,163
10,162
10,158
10,133
